950
939
943
971
1014
1041
1023
1030
1004
995
989
984
984
991
1000
1013
1014
1001
988
1024
1041
1038
1040
999
1043
1064
1077
1058
1068
1075
1104
1083
1096
1067
1078
1080
1105
1112
1121
1099
1080
1083
1138
1078
1101
1103
1119
1119
1121
1113
1046
1087
1086
1099
1089
1128
1112
1112
1099
1098
1095
1088
1069
1089
1067
1101
1100
1102
1136
1130
1110
1102
1090
1043
1025
991
1006
983
1006
985
968
973
1000
1004
1004
1013
1017
1016
1005
1008
997
992
991
1012
1018
1011
1010
1000
1006
1000
1012
1001
1013
1014
1001
1009
1006
1003
995
1007
1014
1008
1014
1010
1014
1010
1009
1022
1023
1024
1022
1068
1088
1106
1142
1160
1257
1335
1352
1390
1449
1495
1511
1561
1593
1684
1644
1598
1621
1657
1673
1667
1609
1617
1583
1595
1615
1606
1607
1592
1594
1603
1551
1546
1604
1585
1551
1542
1522
1488
1451
1391
1369
1315
1248
1198
1184
1183
1180
1148
1083
1077
1093
1095
1081
1035
1051
1045
1025
1033
1068
1065
1050
1006
1007
1026
1029
1035
1043
1011
1005
1025
1018
1055
1078
1055
1029
988
924
985
990
991
991
995
987
999
1026
1035
1036
1063
1059
1079
1076
1036
1025
1013
1025
1043
1052
1091
1155
1205
1348
1393
1434
1471
1566
1665
1637
1622
1722
1684
1613
1579
1621
1641
1646
1631
1637
1586
1626
1593
1646
1678
1688
1654
1625
1607
1589
1600
1595
1550
1503
1475
1520
1563
1520
1448
1382
1337
1309
1291
1243
1176
1160
1102
1057
1068
1062
1056
1053
1025
1071
1055
1036
1067
1095
1097
1051
1049
1034
1036
1057
1046
1028
1055
1053
1052
1042
1039
1064
1087
1109
1065
1047
1032
1028
1035
1028
1018
1029
1024
1126
1031
1037
1016
1005
1057
1048
1060
1004
1024
1071
1091
1217
1101
1061
1046
1066
1086
1054
1041
1072
1077
1089
1077
1089
1108
1108
1107
1110
1097
1141
1126
1106
1118
1133
1097
1097
1114
1108
1124
1118
1112
1106
1080
1077
1072
1085
1113
1075
1073
1094
1103
1099
1111
1109
1099
1093
1097
1073
1071
1062
1054
1059
1030
1011
1006
1077
1129
1116
1111
1103
1071
1047
1024
1039
1020
1013
1043
1025
1032
1009
1004
990
1011
1000
1007
1015
1004
1011
1020
974
981
974
984